     1.00000e+00     2.46953e-02
     1.12500e+00     3.10707e-02
     1.25000e+00     3.44549e-02
     1.37500e+00     3.76221e-02
     1.50000e+00     4.06628e-02
     1.62500e+00     4.38505e-02
     1.75000e+00     4.78009e-02
     1.87500e+00     6.66827e-02
     2.00000e+00     7.97591e-02
     2.12500e+00     8.93418e-02
     2.25000e+00     1.05944e-01
     2.37500e+00     1.44594e-01
     2.50000e+00     2.16235e-01
     2.62500e+00     2.68961e-01
     2.75000e+00     2.98123e-01
     2.87500e+00     3.17860e-01
     3.00000e+00     3.33158e-01
     3.12500e+00     3.45734e-01
     3.25000e+00     3.54780e-01
     3.37500e+00     3.61836e-01
     3.50000e+00     3.67205e-01
     3.62500e+00     3.71173e-01
     3.75000e+00     3.74114e-01
     3.87500e+00     3.76075e-01
     4.00000e+00     3.77003e-01
     4.12500e+00     3.77208e-01
     4.25000e+00     3.76833e-01
     4.37500e+00     3.75676e-01
     4.50000e+00     3.73986e-01
     4.62500e+00     3.71802e-01
     4.75000e+00     3.68407e-01
     4.87500e+00     3.64857e-01
     5.00000e+00     3.60483e-01
     5.12500e+00     3.55687e-01
     5.25000e+00     3.50330e-01
     5.37500e+00     3.44299e-01
     5.50000e+00     3.38652e-01
     5.62500e+00     3.31242e-01
     5.75000e+00     3.23769e-01
     5.87500e+00     3.15457e-01
     6.00000e+00     3.05873e-01
     6.12500e+00     2.96397e-01
     6.25000e+00     2.86195e-01
     6.37500e+00     2.75290e-01
     6.50000e+00     2.63946e-01
     6.62500e+00     2.51959e-01
     6.75000e+00     2.39292e-01
     6.87500e+00     2.26074e-01
     7.00000e+00     2.11965e-01

