     1.00000e-05     2.02991e-07
     1.25010e-01     2.49363e-03
     2.50010e-01     4.81138e-03
     3.75010e-01     6.90003e-03
     5.00010e-01     8.63410e-03
     6.25010e-01     9.90583e-03
     7.50010e-01     1.05115e-02
     8.75010e-01     1.04790e-02
     1.00001e+00     9.90826e-03
     1.12501e+00     1.38209e-02
     1.25001e+00     2.54269e-02
     1.37501e+00     4.03087e-02
     1.50001e+00     4.35207e-02
     1.62501e+00     4.75687e-02
     1.75001e+00     5.30199e-02
     1.87501e+00     6.07725e-02
     2.00001e+00     6.93393e-02
     2.12501e+00     7.88937e-02
     2.25001e+00     9.23754e-02
     2.37501e+00     1.10570e-01
     2.50001e+00     1.33154e-01
     2.62501e+00     1.62957e-01
     2.75001e+00     2.08198e-01
     2.87501e+00     2.68880e-01
     3.00001e+00     3.43779e-01
     3.12501e+00     3.67197e-01
     3.25001e+00     3.79660e-01
     3.37501e+00     3.87478e-01
     3.50001e+00     3.92301e-01
     3.62501e+00     3.95509e-01
     3.75001e+00     3.97418e-01
     3.87501e+00     3.99704e-01
     4.00001e+00     4.01044e-01
     4.12501e+00     4.02205e-01
     4.25001e+00     4.02121e-01
     4.37501e+00     4.01151e-01
     4.50001e+00     3.99656e-01
     4.62501e+00     3.98660e-01
     4.75001e+00     3.95558e-01
     4.87501e+00     3.91960e-01
     5.00001e+00     3.88363e-01
     5.12501e+00     3.85058e-01
     5.25001e+00     3.78804e-01
     5.37501e+00     3.73124e-01
     5.50001e+00     3.67765e-01
     5.62501e+00     3.61108e-01
     5.75001e+00     3.50576e-01
     5.87501e+00     3.42070e-01
     6.00001e+00     3.33737e-01
     6.12501e+00     3.21625e-01
     6.25001e+00     3.09103e-01
     6.37501e+00     2.99351e-01
     6.50001e+00     2.90788e-01
     6.62501e+00     2.76308e-01
     6.75001e+00     2.66758e-01
     6.87501e+00     2.57909e-01
     7.00001e+00     2.42788e-01
     7.12501e+00     2.31568e-01
     7.25001e+00     2.14706e-01
     7.37501e+00     1.96268e-01
     7.50001e+00     1.86688e-01
     7.62501e+00     1.71679e-01
     7.75001e+00     1.56112e-01
     7.87501e+00     1.36326e-01
     8.00001e+00     1.21729e-01
     8.12501e+00     9.87755e-02
     8.25001e+00     8.08283e-02
     8.37501e+00     6.43446e-02
     8.50001e+00     4.60760e-02
     8.62501e+00     2.99067e-02
     8.75001e+00     2.74764e-03
     8.87501e+00    -9.00353e-03

