     1.00000e-05     1.71383e-01
     1.25010e-01     1.73837e-01
     2.50010e-01     1.76336e-01
     3.75010e-01     1.78755e-01
     5.00010e-01     1.81936e-01
     6.25010e-01     1.84921e-01
     7.50010e-01     1.88716e-01
     8.75010e-01     1.91293e-01
     1.00001e+00     1.92978e-01
     1.12501e+00     1.91604e-01
     1.25001e+00     1.84280e-01
     1.37501e+00     1.79432e-01
     1.50001e+00     1.95568e-01
     1.62501e+00     2.14405e-01
     1.75001e+00     2.34494e-01
     1.87501e+00     2.55202e-01
     2.00001e+00     2.77103e-01
     2.12501e+00     2.99909e-01
     2.25001e+00     3.25971e-01
     2.37501e+00     3.55131e-01
     2.50001e+00     3.84773e-01
     2.62501e+00     4.15736e-01
     2.75001e+00     4.58049e-01
     2.87501e+00     5.15863e-01
     3.00001e+00     5.92271e-01
     3.12501e+00     6.29432e-01
     3.25001e+00     6.54766e-01
     3.37501e+00     6.74066e-01
     3.50001e+00     6.89300e-01
     3.62501e+00     7.02431e-01
     3.75001e+00     7.14042e-01
     3.87501e+00     7.25991e-01
     4.00001e+00     7.36913e-01
     4.12501e+00     7.47671e-01
     4.25001e+00     7.56963e-01
     4.37501e+00     7.65121e-01
     4.50001e+00     7.72553e-01
     4.62501e+00     7.80673e-01
     4.75001e+00     7.86746e-01
     4.87501e+00     7.92417e-01
     5.00001e+00     7.97832e-01
     5.12501e+00     8.03764e-01
     5.25001e+00     8.06953e-01
     5.37501e+00     8.10949e-01
     5.50001e+00     8.14921e-01
     5.62501e+00     8.18208e-01
     5.75001e+00     8.17848e-01
     5.87501e+00     8.19570e-01
     6.00001e+00     8.21627e-01
     6.12501e+00     8.21437e-01
     6.25001e+00     8.19782e-01
     6.37501e+00     8.21232e-01
     6.50001e+00     8.23202e-01
     6.62501e+00     8.20164e-01
     6.75001e+00     8.22228e-01
     6.87501e+00     8.24942e-01
     7.00001e+00     8.22048e-01
     7.12501e+00     8.22302e-01
     7.25001e+00     8.18458e-01
     7.37501e+00     8.12648e-01
     7.50001e+00     8.16474e-01
     7.62501e+00     8.14449e-01
     7.75001e+00     8.11352e-01
     7.87501e+00     8.06585e-01
     8.00001e+00     8.06311e-01
     8.12501e+00     7.98030e-01
     8.25001e+00     7.94811e-01
     8.37501e+00     7.93674e-01
     8.50001e+00     7.91114e-01
     8.62501e+00     7.88973e-01
     8.75001e+00     7.79609e-01
     8.87501e+00     7.82244e-01

