     1.00000e+00     1.09815e-01
     1.12500e+00     1.15677e-01
     1.25000e+00     1.25829e-01
     1.37500e+00     1.36746e-01
     1.50000e+00     1.48323e-01
     1.62500e+00     1.61480e-01
     1.75000e+00     1.77812e-01
     1.87500e+00     2.19772e-01
     2.00000e+00     2.37931e-01
     2.12500e+00     2.51498e-01
     2.25000e+00     2.69054e-01
     2.37500e+00     2.99563e-01
     2.50000e+00     3.59016e-01
     2.62500e+00     4.09370e-01
     2.75000e+00     4.43665e-01
     2.87500e+00     4.70434e-01
     3.00000e+00     4.92799e-01
     3.12500e+00     5.12547e-01
     3.25000e+00     5.28382e-01
     3.37500e+00     5.41562e-01
     3.50000e+00     5.52653e-01
     3.62500e+00     5.61958e-01
     3.75000e+00     5.69881e-01
     3.87500e+00     5.76545e-01
     4.00000e+00     5.82122e-01
     4.12500e+00     5.86848e-01
     4.25000e+00     5.90936e-01
     4.37500e+00     5.94237e-01
     4.50000e+00     5.96976e-01
     4.62500e+00     5.99223e-01
     4.75000e+00     6.00391e-01
     4.87500e+00     6.01372e-01
     5.00000e+00     6.01604e-01
     5.12500e+00     6.01465e-01
     5.25000e+00     6.00838e-01
     5.37500e+00     5.99655e-01
     5.50000e+00     5.98845e-01
     5.62500e+00     5.96521e-01
     5.75000e+00     5.94214e-01
     5.87500e+00     5.91244e-01
     6.00000e+00     5.87203e-01
     6.12500e+00     5.83376e-01
     6.25000e+00     5.78995e-01
     6.37500e+00     5.74103e-01
     6.50000e+00     5.68960e-01
     6.62500e+00     5.63389e-01
     6.75000e+00     5.57364e-01
     6.87500e+00     5.51029e-01
     7.00000e+00     5.44045e-01

