  1.000084  0.001257
  0.999839  0.001308
  0.999106  0.001461
  0.997885  0.001715
  0.996177  0.002070
  0.993984  0.002524
  0.991307  0.003077
  0.988150  0.003726
  0.984515  0.004469
  0.980405  0.005305
  0.975825  0.006231
  0.970778  0.007245
  0.965269  0.008342
  0.959304  0.009521
  0.952888  0.010778
  0.946027  0.012110
  0.938727  0.013512
  0.930996  0.014982
  0.922841  0.016514
  0.914268  0.018106
  0.905287  0.019752
  0.895906  0.021449
  0.886134  0.023192
  0.875980  0.024977
  0.865454  0.026799
  0.854565  0.028653
  0.843325  0.030537
  0.831744  0.032443
  0.819834  0.034369
  0.807605  0.036310
  0.795069  0.038260
  0.782239  0.040216
  0.769127  0.042172
  0.755746  0.044124
  0.742109  0.046069
  0.728228  0.048000
  0.714119  0.049913
  0.699793  0.051805
  0.685266  0.053670
  0.670552  0.055504
  0.655665  0.057302
  0.640620  0.059061
  0.625431  0.060775
  0.610114  0.062441
  0.594684  0.064054
  0.579155  0.065609
  0.563545  0.067103
  0.547867  0.068531
  0.532138  0.069890
  0.516373  0.071174
  0.500588  0.072381
  0.484799  0.073507
  0.469023  0.074547
  0.453273  0.075499
  0.437567  0.076358
  0.421921  0.077122
  0.406350  0.077787
  0.390796  0.078345
  0.375297  0.078768
  0.359919  0.079053
  0.344680  0.079198
  0.329594  0.079201
  0.314678  0.079063
  0.299947  0.078784
  0.285418  0.078363
  0.271106  0.077802
  0.257025  0.077102
  0.243191  0.076264
  0.229618  0.075290
  0.216320  0.074184
  0.203313  0.072947
  0.190609  0.071584
  0.178222  0.070097
  0.166164  0.068491
  0.154449  0.066771
  0.143088  0.064941
  0.132094  0.063006
  0.121477  0.060971
  0.111248  0.058842
  0.101418  0.056625
  0.091996  0.054325
  0.082992  0.051950
  0.074415  0.049504
  0.066273  0.046994
  0.058573  0.044427
  0.051324  0.041808
  0.044532  0.039144
  0.038203  0.036441
  0.032343  0.033704
  0.026958  0.030939
  0.022051  0.028152
  0.017628  0.025348
  0.013692  0.022531
  0.010245  0.019707
  0.007292  0.016878
  0.004833  0.014049
  0.002870  0.011224
  0.001405  0.008404
  0.000439  0.005592
 -0.000030  0.002790
  0.000000  0.000000
  0.000523 -0.002741
  0.001535 -0.005395
  0.003033 -0.007961
  0.005015 -0.010439
  0.007479 -0.012828
  0.010421 -0.015126
  0.013838 -0.017334
  0.017725 -0.019451
  0.022078 -0.021476
  0.026892 -0.023408
  0.032161 -0.025246
  0.037880 -0.026990
  0.044042 -0.028639
  0.050641 -0.030193
  0.057669 -0.031651
  0.065120 -0.033014
  0.072985 -0.034281
  0.081257 -0.035451
  0.089927 -0.036527
  0.098987 -0.037507
  0.108427 -0.038393
  0.118239 -0.039185
  0.128412 -0.039885
  0.138937 -0.040494
  0.149805 -0.041013
  0.161004 -0.041445
  0.172524 -0.041792
  0.184354 -0.042056
  0.196484 -0.042239
  0.208902 -0.042346
  0.221596 -0.042378
  0.234556 -0.042339
  0.247768 -0.042233
  0.261222 -0.042063
  0.274904 -0.041834
  0.288802 -0.041549
  0.302905 -0.041213
  0.317198 -0.040830
  0.331668 -0.040404
  0.346303 -0.039941
  0.361089 -0.039443
  0.376013 -0.038917
  0.391061 -0.038365
  0.406269 -0.037791
  0.421644 -0.037174
  0.437099 -0.036513
  0.452618 -0.035810
  0.468187 -0.035070
  0.483790 -0.034296
  0.499412 -0.033493
  0.515038 -0.032662
  0.530653 -0.031808
  0.546242 -0.030934
  0.561789 -0.030043
  0.577279 -0.029138
  0.592698 -0.028222
  0.608029 -0.027298
  0.623259 -0.026368
  0.638371 -0.025434
  0.653352 -0.024500
  0.668186 -0.023566
  0.682858 -0.022636
  0.697355 -0.021710
  0.711661 -0.020791
  0.725762 -0.019880
  0.739645 -0.018979
  0.753295 -0.018089
  0.766700 -0.017212
  0.779844 -0.016348
  0.792716 -0.015499
  0.805302 -0.014666
  0.817590 -0.013849
  0.829567 -0.013050
  0.841222 -0.012271
  0.852541 -0.011510
  0.863515 -0.010770
  0.874131 -0.010052
  0.884379 -0.009356
  0.894249 -0.008682
  0.903730 -0.008033
  0.912812 -0.007408
  0.921487 -0.006809
  0.929746 -0.006237
  0.937579 -0.005691
  0.944979 -0.005174
  0.951939 -0.004685
  0.958450 -0.004226
  0.964507 -0.003798
  0.970103 -0.003400
  0.975232 -0.003035
  0.979889 -0.002702
  0.984069 -0.002402
  0.987767 -0.002136
  0.990980 -0.001904
  0.993705 -0.001708
  0.995938 -0.001546
  0.997677 -0.001420
  0.998920 -0.001330
  0.999667 -0.001275
  0.999916 -0.001257