   -180.00   -0.0655    0.0060
   -179.00    0.0167    0.0065
   -178.00    0.0966    0.0081
   -177.00    0.1693    0.0107
   -176.00    0.2280    0.0143
   -175.00    0.2679    0.0190
   -174.00    0.2902    0.0247
   -173.00    0.3015    0.0314
   -172.00    0.3086    0.0391
   -171.00    0.3159    0.0478
   -170.00    0.3254    0.0575
   -169.00    0.3375    0.0681
   -168.00    0.3518    0.0798
   -167.00    0.3679    0.0923
   -166.00    0.3852    0.1058
   -165.00    0.4033    0.1202
   -164.00    0.4217    0.1355
   -163.00    0.4403    0.1516
   -162.00    0.4587    0.1687
   -161.00    0.4768    0.1865
   -160.00    0.4944    0.2051
   -159.00    0.5115    0.2246
   -158.00    0.5279    0.2448
   -157.00    0.5436    0.2657
   -156.00    0.5585    0.2873
   -155.00    0.5726    0.3096
   -154.00    0.5859    0.3326
   -153.00    0.5982    0.3562
   -152.00    0.6096    0.3804
   -151.00    0.6201    0.4052
   -150.00    0.6297    0.4304
   -149.00    0.6382    0.4562
   -148.00    0.6458    0.4825
   -147.00    0.6525    0.5092
   -146.00    0.6581    0.5364
   -145.00    0.6628    0.5639
   -144.00    0.6665    0.5917
   -143.00    0.6693    0.6198
   -142.00    0.6711    0.6483
   -141.00    0.6719    0.6769
   -140.00    0.6718    0.7058
   -139.00    0.6708    0.7348
   -138.00    0.6689    0.7640
   -137.00    0.6660    0.7932
   -136.00    0.6623    0.8225
   -135.00    0.6577    0.8519
   -134.00    0.6523    0.8812
   -133.00    0.6460    0.9105
   -132.00    0.6389    0.9397
   -131.00    0.6310    0.9688
   -130.00    0.6223    0.9977
   -129.00    0.6129    1.0265
   -128.00    0.6028    1.0550
   -127.00    0.5919    1.0833
   -126.00    0.5804    1.1113
   -125.00    0.5682    1.1390
   -124.00    0.5553    1.1663
   -123.00    0.5419    1.1932
   -122.00    0.5278    1.2197
   -121.00    0.5132    1.2458
   -120.00    0.4980    1.2713
   -119.00    0.4823    1.2964
   -118.00    0.4662    1.3209
   -117.00    0.4495    1.3448
   -116.00    0.4324    1.3681
   -115.00    0.4149    1.3908
   -114.00    0.3970    1.4128
   -113.00    0.3787    1.4342
   -112.00    0.3601    1.4548
   -111.00    0.3404    1.4747
   -110.00    0.3212    1.4938
   -109.00    0.3016    1.5122
   -108.00    0.2819    1.5297
   -107.00    0.2619    1.5465
   -106.00    0.2417    1.5623
   -105.00    0.2213    1.5774
   -104.00    0.2007    1.5915
   -103.00    0.1800    1.6047
   -102.00    0.1592    1.6170
   -101.00    0.1383    1.6284
   -100.00    0.1173    1.6389
    -99.00    0.0963    1.6483
    -98.00    0.0752    1.6569
    -97.00    0.0541    1.6644
    -96.00    0.0330    1.6709
    -95.00    0.0119    1.6765
    -94.00   -0.0091    1.6810
    -93.00   -0.0301    1.6846
    -92.00   -0.0510    1.6871
    -91.00   -0.0717    1.6887
    -90.00   -0.0924    1.6892
    -89.00   -0.1129    1.6887
    -88.00   -0.1333    1.6871
    -87.00   -0.1535    1.6846
    -86.00   -0.1736    1.6810
    -85.00   -0.1934    1.6765
    -84.00   -0.2130    1.6709
    -83.00   -0.2323    1.6644
    -82.00   -0.2514    1.6568
    -81.00   -0.2703    1.6483
    -80.00   -0.2888    1.6388
    -79.00   -0.3071    1.6284
    -78.00   -0.3250    1.6170
    -77.00   -0.3426    1.6047
    -76.00   -0.3599    1.5914
    -75.00   -0.3768    1.5773
    -74.00   -0.3933    1.5623
    -73.00   -0.4094    1.5464
    -72.00   -0.4252    1.5297
    -71.00   -0.4405    1.5121
    -70.00   -0.4553    1.4938
    -69.00   -0.4697    1.4746
    -68.00   -0.4837    1.4547
    -67.00   -0.4972    1.4341
    -66.00   -0.5102    1.4127
    -65.00   -0.5227    1.3907
    -64.00   -0.5347    1.3680
    -63.00   -0.5461    1.3447
    -62.00   -0.5570    1.3207
    -61.00   -0.5674    1.2962
    -60.00   -0.5772    1.2712
    -59.00   -0.5864    1.2456
    -58.00   -0.5951    1.2195
    -57.00   -0.6031    1.1930
    -56.00   -0.6106    1.1661
    -55.00   -0.6174    1.1388
    -54.00   -0.6236    1.1111
    -53.00   -0.6292    1.0831
    -52.00   -0.6341    1.0548
    -51.00   -0.6383    1.0262
    -50.00   -0.6419    0.9974
    -49.00   -0.6449    0.9685
    -48.00   -0.6471    0.9393
    -47.00   -0.6487    0.9101
    -46.00   -0.6496    0.8808
    -45.00   -0.6497    0.8514
    -44.00   -0.6492    0.8220
    -43.00   -0.6480    0.7927
    -42.00   -0.6461    0.7634
    -41.00   -0.6435    0.7342
    -40.00   -0.6402    0.7051
    -39.00   -0.6361    0.6762
    -38.00   -0.6314    0.6475
    -37.00   -0.6260    0.6190
    -36.00   -0.6199    0.5907
    -35.00   -0.6132    0.5628
    -34.00   -0.6057    0.5352
    -33.00   -0.5977    0.5080
    -32.00   -0.5890    0.4811
    -31.00   -0.5798    0.4547
    -30.00   -0.5701    0.4287
    -29.00   -0.5598    0.4031
    -28.00   -0.5492    0.3781
    -27.00   -0.5383    0.3536
    -26.00   -0.5273    0.3296
    -25.00   -0.5163    0.3061
    -24.00   -0.5056    0.2832
    -23.00   -0.4956    0.2608
    -22.00   -0.4869    0.2389
    -21.00   -0.4802    0.2174
    -20.00   -0.4768    0.1963
    -19.00   -0.4784    0.1753
    -18.00   -0.4880    0.1544
    -17.00   -0.5094    0.1332
    -16.50   -0.9023    0.1024
    -16.00   -1.0740    0.0637
    -15.50   -1.1357    0.0451
    -15.00   -1.1613    0.0348
    -14.50   -1.1726    0.0297
    -14.00   -1.1676    0.0266
    -13.50   -1.1478    0.0242
    -13.00   -1.1259    0.0223
    -12.50   -1.1016    0.0207
    -12.00   -1.0628    0.0191
    -11.50   -1.0133    0.0177
    -11.00   -0.9599    0.0164
    -10.50   -0.9067    0.0154
    -10.00   -0.8515    0.0146
     -9.50   -0.7952    0.0137
     -9.00   -0.7372    0.0129
     -8.50   -0.6773    0.0120
     -8.00   -0.6128    0.0121
     -7.50   -0.5592    0.0117
     -7.00   -0.5032    0.0113
     -6.00   -0.3885    0.0118
     -5.50   -0.3403    0.0103
     -5.00   -0.2903    0.0095
     -4.50   -0.2369    0.0089
     -4.00   -0.1827    0.0086
     -3.50   -0.1323    0.0086
     -2.50   -0.0334    0.0092
     -2.00    0.0198    0.0093
     -1.00    0.1181    0.0105
     -0.50    0.1689    0.0110
      0.00    0.2234    0.0111
      0.50    0.2778    0.0111
      1.00    0.3322    0.0112
      1.50    0.3864    0.0112
      2.00    0.4389    0.0109
      2.50    0.4917    0.0107
      3.00    0.5437    0.0105
      3.50    0.5890    0.0097
      4.00    0.6555    0.0098
      4.50    0.7205    0.0102
      5.50    0.8233    0.0110
      6.00    0.8706    0.0115
      6.50    0.9182    0.0121
      7.50    1.0187    0.0128
      8.00    1.0676    0.0133
      8.50    1.1099    0.0144
      9.00    1.1543    0.0153
      9.50    1.1984    0.0162
     10.00    1.2408    0.0171
     10.50    1.2808    0.0181
     11.00    1.3208    0.0188
     11.50    1.3530    0.0200
     12.00    1.3818    0.0213
     12.50    1.4016    0.0230
     13.00    1.4189    0.0251
     13.50    1.4381    0.0275
     14.00    1.4546    0.0302
     14.50    1.4568    0.0341
     15.00    1.4645    0.0381
     15.50    1.4594    0.0440
     16.00    1.4576    0.0497
     16.50    1.4408    0.0581
     17.00    1.4094    0.0688
     17.50    1.3952    0.0768
     18.00    1.3488    0.0918
     18.50    1.3343    0.1008
     19.00    1.3148    0.1112
     19.50    1.2618    0.1292
     20.00    1.2039    0.1482
     20.50    1.1309    0.1718
     21.00    1.2282    0.1564
     22.00    1.1868    0.1821
     23.00    1.1512    0.2086
     24.00    1.1219    0.2356
     25.00    1.0986    0.2630
     26.00    1.0806    0.2908
     27.00    1.0675    0.3189
     28.00    1.0584    0.3473
     29.00    1.0528    0.3759
     30.00    1.0500    0.4048
     31.00    1.0495    0.4340
     32.00    1.0508    0.4633
     33.00    1.0536    0.4930
     34.00    1.0574    0.5228
     35.00    1.0620    0.5529
     36.00    1.0671    0.5832
     37.00    1.0724    0.6137
     38.00    1.0779    0.6443
     39.00    1.0832    0.6751
     40.00    1.0884    0.7060
     41.00    1.0932    0.7370
     42.00    1.0975    0.7681
     43.00    1.1013    0.7993
     44.00    1.1045    0.8304
     45.00    1.1069    0.8615
     46.00    1.1086    0.8926
     47.00    1.1094    0.9237
     48.00    1.1094    0.9546
     49.00    1.1084    0.9853
     50.00    1.1065    1.0159
     51.00    1.1036    1.0463
     52.00    1.0996    1.0764
     53.00    1.0946    1.1062
     54.00    1.0885    1.1358
     55.00    1.0814    1.1650
     56.00    1.0731    1.1938
     57.00    1.0637    1.2222
     58.00    1.0532    1.2501
     59.00    1.0416    1.2776
     60.00    1.0288    1.3046
     61.00    1.0149    1.3310
     62.00    0.9998    1.3568
     63.00    0.9837    1.3821
     64.00    0.9664    1.4067
     65.00    0.9479    1.4307
     66.00    0.9284    1.4539
     67.00    0.9078    1.4764
     68.00    0.8861    1.4982
     69.00    0.8634    1.5193
     70.00    0.8396    1.5395
     71.00    0.8147    1.5589
     72.00    0.7889    1.5774
     73.00    0.7621    1.5951
     74.00    0.7344    1.6119
     75.00    0.7057    1.6278
     76.00    0.6762    1.6427
     77.00    0.6458    1.6567
     78.00    0.6145    1.6698
     79.00    0.5825    1.6818
     80.00    0.5497    1.6929
     81.00    0.5162    1.7029
     82.00    0.4821    1.7120
     83.00    0.4473    1.7200
     84.00    0.4119    1.7269
     85.00    0.3759    1.7329
     86.00    0.3395    1.7377
     87.00    0.3025    1.7415
     88.00    0.2652    1.7442
     89.00    0.2275    1.7459
     90.00    0.1895    1.7465
     91.00    0.1512    1.7460
     92.00    0.1127    1.7445
     93.00    0.0740    1.7418
     94.00    0.0352    1.7381
     95.00   -0.0036    1.7334
     96.00   -0.0425    1.7276
     97.00   -0.0813    1.7207
     98.00   -0.1200    1.7128
     99.00   -0.1586    1.7039
    100.00   -0.1970    1.6940
    101.00   -0.2351    1.6830
    102.00   -0.2729    1.6711
    103.00   -0.3104    1.6582
    104.00   -0.3474    1.6443
    105.00   -0.3840    1.6295
    106.00   -0.4200    1.6137
    107.00   -0.4555    1.5971
    108.00   -0.4904    1.5795
    109.00   -0.5245    1.5611
    110.00   -0.5580    1.5419
    111.00   -0.5907    1.5218
    112.00   -0.6226    1.5010
    113.00   -0.6536    1.4794
    114.00   -0.6837    1.4570
    115.00   -0.7128    1.4340
    116.00   -0.7410    1.4102
    117.00   -0.7681    1.3858
    118.00   -0.7942    1.3608
    119.00   -0.8191    1.3352
    120.00   -0.8429    1.3090
    121.00   -0.8655    1.2823
    122.00   -0.8869    1.2551
    123.00   -0.9071    1.2275
    124.00   -0.9311    1.1994
    125.00   -0.9487    1.1709
    126.00   -0.9650    1.1421
    127.00   -0.9799    1.1129
    128.00   -0.9935    1.0835
    129.00   -1.0057    1.0538
    130.00   -1.0165    1.0239
    131.00   -1.0259    0.9938
    132.00   -1.0339    0.9636
    133.00   -1.0404    0.9332
    134.00   -1.0456    0.9028
    135.00   -1.0493    0.8724
    136.00   -1.0515    0.8420
    137.00   -1.0523    0.8117
    138.00   -1.0517    0.7814
    139.00   -1.0497    0.7512
    140.00   -1.0462    0.7212
    141.00   -1.0414    0.6914
    142.00   -1.0351    0.6618
    143.00   -1.0275    0.6325
    144.00   -1.0185    0.6035
    145.00   -1.0082    0.5748
    146.00   -0.9966    0.5465
    147.00   -0.9837    0.5186
    148.00   -0.9696    0.4912
    149.00   -0.9542    0.4642
    150.00   -0.9376    0.4377
    151.00   -0.9199    0.4118
    152.00   -0.9011    0.3864
    153.00   -0.8811    0.3616
    154.00   -0.8602    0.3375
    155.00   -0.8382    0.3140
    156.00   -0.8153    0.2912
    157.00   -0.7915    0.2692
    158.00   -0.7669    0.2478
    159.00   -0.7414    0.2273
    160.00   -0.7152    0.2075
    161.00   -0.6883    0.1885
    162.00   -0.6608    0.1704
    163.00   -0.6327    0.1531
    164.00   -0.6041    0.1367
    165.00   -0.5749    0.1212
    166.00   -0.5454    0.1066
    167.00   -0.5155    0.0930
    168.00   -0.4853    0.0803
    169.00   -0.4548    0.0685
    170.00   -0.4241    0.0578
    171.00   -0.3931    0.0480
    172.00   -0.3617    0.0392
    173.00   -0.3301    0.0315
    174.00   -0.2978    0.0247
    175.00   -0.2648    0.0190
    176.00   -0.2306    0.0143
    177.00   -0.1946    0.0107
    178.00   -0.1559    0.0081
    179.00   -0.1133    0.0065
    180.00   -0.0655    0.0060
    180.00   -0.0655    0.0060
