 1.000070  0.001048
  0.999825  0.001093
  0.999091  0.001228
  0.997868  0.001454
  0.996157  0.001769
  0.993961  0.002171
  0.991280  0.002661
  0.988118  0.003237
  0.984477  0.003897
  0.980362  0.004638
  0.975775  0.005459
  0.970722  0.006357
  0.965206  0.007331
  0.959233  0.008376
  0.952809  0.009490
  0.945940  0.010670
  0.938632  0.011912
  0.930892  0.013214
  0.922728  0.014571
  0.914147  0.015980
  0.905157  0.017437
  0.895768  0.018938
  0.885988  0.020479
  0.875826  0.022057
  0.865292  0.023668
  0.854397  0.025306
  0.843150  0.026969
  0.831563  0.028652
  0.819647  0.030351
  0.807413  0.032062
  0.794873  0.033780
  0.782040  0.035502
  0.768925  0.037223
  0.755542  0.038940
  0.741903  0.040648
  0.728023  0.042343
  0.713914  0.044021
  0.699590  0.045679
  0.685066  0.047311
  0.670355  0.048915
  0.655472  0.050486
  0.640432  0.052020
  0.625250  0.053514
  0.609940  0.054963
  0.594518  0.056364
  0.578999  0.057714
  0.563398  0.059008
  0.547731  0.060243
  0.532014  0.061415
  0.516262  0.062521
  0.500490  0.063559
  0.484715  0.064523
  0.468953  0.065412
  0.453219  0.066223
  0.437528  0.066952
  0.421898  0.067597
  0.406343  0.068155
  0.390818  0.068619
  0.375357  0.068961
  0.360017  0.069179
  0.344815  0.069270
  0.329767  0.069234
  0.314888  0.069072
  0.300194  0.068784
  0.285700  0.068370
  0.271422  0.067832
  0.257374  0.067171
  0.243572  0.066389
  0.230029  0.065488
  0.216760  0.064470
  0.203779  0.063339
  0.191099  0.062098
  0.178733  0.060751
  0.166694  0.059301
  0.154995  0.057753
  0.143648  0.056111
  0.132664  0.054381
  0.122055  0.052566
  0.111831  0.050673
  0.102002  0.048707
  0.092579  0.046673
  0.083570  0.044577
  0.074985  0.042424
  0.066832  0.040221
  0.059119  0.037974
  0.051853  0.035687
  0.045041  0.033366
  0.038690  0.031017
  0.032805  0.028646
  0.027392  0.026257
  0.022455  0.023856
  0.017999  0.021446
  0.014028  0.019033
  0.010545  0.016620
  0.007552  0.014211
  0.005053  0.011810
  0.003049  0.009418
  0.001541  0.007040
  0.000530  0.004676
  0.000016  0.002329
  0.000000  0.000000
  0.000477 -0.002280
  0.001443 -0.004479
  0.002897 -0.006597
  0.004836 -0.008634
  0.007258 -0.010588
  0.010160 -0.012459
  0.013539 -0.014248
  0.017389 -0.015953
  0.021707 -0.017574
  0.026489 -0.019111
  0.031728 -0.020564
  0.037419 -0.021932
  0.043556 -0.023216
  0.050132 -0.024415
  0.057141 -0.025530
  0.064574 -0.026560
  0.072426 -0.027508
  0.080687 -0.028372
  0.089349 -0.029154
  0.098404 -0.029854
  0.107843 -0.030474
  0.117656 -0.031016
  0.127834 -0.031480
  0.138367 -0.031869
  0.149245 -0.032184
  0.160457 -0.032427
  0.171994 -0.032602
  0.183843 -0.032710
  0.195994 -0.032754
  0.208436 -0.032738
  0.221156 -0.032664
  0.234144 -0.032537
  0.247387 -0.032358
  0.260872 -0.032133
  0.274587 -0.031864
  0.288520 -0.031556
  0.302658 -0.031213
  0.316988 -0.030839
  0.331495 -0.030437
  0.346168 -0.030012
  0.360992 -0.029568
  0.375953 -0.029110
  0.391039 -0.028640
  0.406276 -0.028160
  0.421668 -0.027650
  0.437138 -0.027107
  0.452673 -0.026534
  0.468257 -0.025935
  0.483874 -0.025313
  0.499510 -0.024670
  0.515149 -0.024009
  0.530777 -0.023333
  0.546377 -0.022645
  0.561935 -0.021948
  0.577435 -0.021243
  0.592863 -0.020533
  0.608203 -0.019820
  0.623440 -0.019106
  0.638559 -0.018393
  0.653545 -0.017683
  0.668383 -0.016977
  0.683059 -0.016277
  0.697558 -0.015584
  0.711865 -0.014899
  0.725968 -0.014224
  0.739850 -0.013559
  0.753500 -0.012905
  0.766902 -0.012263
  0.780044 -0.011634
  0.792912 -0.011019
  0.805494 -0.010418
  0.817777 -0.009831
  0.829749 -0.009259
  0.841397 -0.008703
  0.852710 -0.008163
  0.863676 -0.007640
  0.874285 -0.007133
  0.884525 -0.006643
  0.894387 -0.006171
  0.903860 -0.005718
  0.912934 -0.005282
  0.921600 -0.004866
  0.929850 -0.004468
  0.937675 -0.004091
  0.945067 -0.003734
  0.952018 -0.003397
  0.958522 -0.003081
  0.964571 -0.002786
  0.970159 -0.002513
  0.975281 -0.002263
  0.979932 -0.002035
  0.984106 -0.001829
  0.987799 -0.001648
  0.991007 -0.001489
  0.993728 -0.001355
  0.995958 -0.001245
  0.997694 -0.001159
  0.998936 -0.001097
  0.999682 -0.001060
  0.999930 -0.001048