 1.000098  0.001467
  0.999854  0.001523
  0.999122  0.001694
  0.997902  0.001976
  0.996197  0.002371
  0.994007  0.002877
  0.991334  0.003492
  0.988182  0.004214
  0.984552  0.005042
  0.980448  0.005972
  0.975874  0.007003
  0.970834  0.008132
  0.965333  0.009354
  0.959375  0.010667
  0.952967  0.012067
  0.946114  0.013550
  0.938823  0.015113
  0.931100  0.016750
  0.922953  0.018458
  0.914390  0.020232
  0.905417  0.022067
  0.896044  0.023960
  0.886280  0.025904
  0.876134  0.027896
  0.865615  0.029929
  0.854734  0.032000
  0.843501  0.034104
  0.831926  0.036234
  0.820021  0.038387
  0.807796  0.040558
  0.795265  0.042740
  0.782439  0.044929
  0.769329  0.047121
  0.755950  0.049309
  0.742314  0.051489
  0.728434  0.053656
  0.714324  0.055805
  0.699997  0.057931
  0.685467  0.060029
  0.670749  0.062093
  0.655858  0.064119
  0.640807  0.066102
  0.625612  0.068037
  0.610288  0.069919
  0.594849  0.071743
  0.579312  0.073505
  0.563691  0.075199
  0.548002  0.076820
  0.532261  0.078365
  0.516484  0.079827
  0.500686  0.081204
  0.484884  0.082490
  0.469092  0.083682
  0.453328  0.084774
  0.437607  0.085764
  0.421944  0.086646
  0.406357  0.087418
  0.390774  0.088071
  0.375237  0.088576
  0.359822  0.088928
  0.344544  0.089126
  0.329421  0.089168
  0.314468  0.089055
  0.299701  0.088784
  0.285136  0.088356
  0.270789  0.087772
  0.256675  0.087032
  0.242809  0.086138
  0.229206  0.085093
  0.215881  0.083897
  0.202847  0.082555
  0.190120  0.081069
  0.177711  0.079443
  0.165634  0.077682
  0.153903  0.075789
  0.142529  0.073770
  0.131524  0.071630
  0.120899  0.069375
  0.110665  0.067011
  0.100834  0.064543
  0.091413  0.061978
  0.082414  0.059323
  0.073845  0.056584
  0.065713  0.053767
  0.058028  0.050880
  0.050795  0.047930
  0.044023  0.044922
  0.037717  0.041864
  0.031882  0.038762
  0.026524  0.035621
  0.021648  0.032449
  0.017257  0.029250
  0.013356  0.026030
  0.009946  0.022793
  0.007031  0.019545
  0.004612  0.016289
  0.002691  0.013029
  0.001270  0.009767
  0.000347  0.006508
 -0.000076  0.003251
  0.000000  0.000000
  0.000569 -0.003202
  0.001626 -0.006310
  0.003168 -0.009325
  0.005194 -0.012244
  0.007700 -0.015067
  0.010682 -0.017793
  0.014137 -0.020421
  0.018061 -0.022950
  0.022449 -0.025378
  0.027295 -0.027704
  0.032595 -0.029928
  0.038341 -0.032048
  0.044529 -0.034062
  0.051150 -0.035971
  0.058198 -0.037773
  0.065666 -0.039467
  0.073545 -0.041053
  0.081827 -0.042531
  0.090505 -0.043900
  0.099570 -0.045159
  0.109011 -0.046311
  0.118821 -0.047354
  0.128990 -0.048289
  0.139508 -0.049118
  0.150364 -0.049843
  0.161550 -0.050463
  0.173054 -0.050982
  0.184865 -0.051402
  0.196973 -0.051725
  0.209367 -0.051953
  0.222036 -0.052091
  0.234967 -0.052141
  0.248150 -0.052108
  0.261571 -0.051994
  0.275220 -0.051804
  0.289084 -0.051542
  0.303151 -0.051213
  0.317408 -0.050821
  0.331841 -0.050371
  0.346439 -0.049869
  0.361187 -0.049318
  0.376073 -0.048724
  0.391083 -0.048091
  0.406262 -0.047423
  0.421621 -0.046699
  0.437060 -0.045919
  0.452564 -0.045086
  0.468117 -0.044205
  0.483706 -0.043280
  0.499314 -0.042315
  0.514927 -0.041315
  0.530529 -0.040283
  0.546106 -0.039223
  0.561642 -0.038139
  0.577123 -0.037034
  0.592532 -0.035912
  0.607856 -0.034776
  0.623078 -0.033630
  0.638184 -0.032476
  0.653159 -0.031316
  0.667988 -0.030155
  0.682657 -0.028994
  0.697151 -0.027836
  0.711456 -0.026683
  0.725557 -0.025537
  0.739440 -0.024400
  0.753091 -0.023274
  0.766497 -0.022161
  0.779645 -0.021062
  0.792520 -0.019979
  0.805111 -0.018914
  0.817403 -0.017867
  0.829386 -0.016842
  0.841046 -0.015838
  0.852373 -0.014857
  0.863353 -0.013901
  0.873977 -0.012971
  0.884233 -0.012068
  0.894111 -0.011193
  0.903600 -0.010348
  0.912691 -0.009535
  0.921375 -0.008753
  0.929642 -0.008005
  0.937484 -0.007292
  0.944892 -0.006614
  0.951860 -0.005974
  0.958379 -0.005372
  0.964444 -0.004809
  0.970047 -0.004287
  0.975183 -0.003807
  0.979846 -0.003369
  0.984031 -0.002975
  0.987735 -0.002625
  0.990953 -0.002320
  0.993681 -0.002060
  0.995918 -0.001847
  0.997660 -0.001681
  0.998905 -0.001562
  0.999653 -0.001491
  0.999902 -0.001467