	 1.00000e-01     1.94591e-03
     2.00000e-01     3.97276e-03
     3.00000e-01     6.02934e-03
     4.00000e-01     8.20284e-03
     5.00000e-01     1.03710e-02
     6.00000e-01     1.26404e-02
     7.00000e-01     1.48056e-02
     8.00000e-01     1.73225e-02
     9.00000e-01     2.04342e-02
     1.00000e+00     2.51767e-02
     1.10000e+00     2.93608e-02
     1.20000e+00     3.33993e-02
     1.30000e+00     3.73905e-02
     1.40000e+00     4.15076e-02
     1.50000e+00     4.61748e-02
     1.60000e+00     4.88458e-02
     1.70000e+00     5.16559e-02
     1.80000e+00     5.55771e-02
     1.90000e+00     5.93942e-02
     2.00000e+00     6.34098e-02
     2.10000e+00     6.78925e-02
     2.20000e+00     7.28834e-02
     2.30000e+00     7.92495e-02
     2.40000e+00     8.65754e-02
     2.50000e+00     9.63809e-02
     2.60000e+00     1.05913e-01
     2.70000e+00     1.13152e-01
     2.80000e+00     1.19165e-01
     2.90000e+00     1.26679e-01
     3.00000e+00     1.37546e-01
     3.10000e+00     1.51972e-01
     3.20000e+00     1.68803e-01
     3.30000e+00     2.18173e-01
     3.40000e+00     2.47133e-01
     3.50000e+00     2.73296e-01
     3.60000e+00     3.19538e-01
     3.70000e+00     3.50500e-01
     3.80000e+00     3.59040e-01
     3.90000e+00     3.64046e-01
     4.00000e+00     3.66735e-01
     4.10000e+00     3.67694e-01
     4.20000e+00     3.68478e-01
     4.30000e+00     3.66120e-01
     4.40000e+00     3.63866e-01
     4.50000e+00     3.62053e-01
     4.60000e+00     3.59440e-01
     4.70000e+00     3.56694e-01
     4.80000e+00     3.53868e-01
     4.90000e+00     3.50373e-01
     5.00000e+00     3.46874e-01
     5.10000e+00     3.42773e-01
     5.20000e+00     3.38660e-01
     5.30000e+00     3.34140e-01
     5.40000e+00     3.29410e-01
     5.50000e+00     3.24354e-01
     5.60000e+00     3.19089e-01
     5.70000e+00     3.13470e-01
     5.80000e+00     3.07486e-01
     5.90000e+00     3.01410e-01
     6.00000e+00     2.95005e-01
     6.10000e+00     2.88205e-01
     6.20000e+00     2.81189e-01
     6.30000e+00     2.74038e-01
     6.40000e+00     2.66512e-01
     6.50000e+00     2.58683e-01
     6.60000e+00     2.50635e-01
     6.70000e+00     2.42268e-01
     6.80000e+00     2.33661e-01
     6.90000e+00     2.24710e-01
     7.00000e+00     2.15679e-01
     7.10000e+00     2.06315e-01
     7.20000e+00     1.96669e-01
     7.30000e+00     1.86874e-01
     7.40000e+00     1.76563e-01
     7.50000e+00     1.66174e-01
     7.60000e+00     1.55391e-01
     7.70000e+00     1.44239e-01
     7.80000e+00     1.32699e-01
     7.90000e+00     1.21051e-01
     8.00000e+00     1.08630e-01
     8.10000e+00     9.61376e-02
     8.20000e+00     8.28762e-02
     8.30000e+00     6.90809e-02
     8.40000e+00     5.51530e-02
     8.50000e+00     4.04593e-02

