     1.00000e-01     1.33725e-01
     2.00000e-01     1.36380e-01
     3.00000e-01     1.38594e-01
     4.00000e-01     1.42681e-01
     5.00000e-01     1.46282e-01
     6.00000e-01     1.51088e-01
     7.00000e-01     1.54366e-01
     8.00000e-01     1.59038e-01
     9.00000e-01     1.58396e-01
     1.00000e+00     1.52974e-01
     1.10000e+00     1.49671e-01
     1.20000e+00     1.57774e-01
     1.30000e+00     1.65075e-01
     1.40000e+00     1.73153e-01
     1.50000e+00     1.84936e-01
     1.60000e+00     1.86304e-01
     1.70000e+00     1.90634e-01
     1.80000e+00     2.05731e-01
     1.90000e+00     2.22452e-01
     2.00000e+00     2.40848e-01
     2.10000e+00     2.60665e-01
     2.20000e+00     2.81029e-01
     2.30000e+00     3.03490e-01
     2.40000e+00     3.26109e-01
     2.50000e+00     3.49902e-01
     2.60000e+00     3.72699e-01
     2.70000e+00     3.88570e-01
     2.80000e+00     4.04153e-01
     2.90000e+00     4.21034e-01
     3.00000e+00     4.40509e-01
     3.10000e+00     4.63013e-01
     3.20000e+00     4.87251e-01
     3.30000e+00     5.31881e-01
     3.40000e+00     5.67046e-01
     3.50000e+00     6.00744e-01
     3.60000e+00     6.48372e-01
     3.70000e+00     6.88310e-01
     3.80000e+00     7.12719e-01
     3.90000e+00     7.33730e-01
     4.00000e+00     7.52598e-01
     4.10000e+00     7.69111e-01
     4.20000e+00     7.85121e-01
     4.30000e+00     7.98759e-01
     4.40000e+00     8.12039e-01
     4.50000e+00     8.25371e-01
     4.60000e+00     8.37602e-01
     4.70000e+00     8.49777e-01
     4.80000e+00     8.62012e-01
     4.90000e+00     8.73475e-01
     5.00000e+00     8.85118e-01
     5.10000e+00     8.96057e-01
     5.20000e+00     9.07136e-01
     5.30000e+00     9.17877e-01
     5.40000e+00     9.28561e-01
     5.50000e+00     9.38997e-01
     5.60000e+00     9.49392e-01
     5.70000e+00     9.59569e-01
     5.80000e+00     9.69522e-01
     5.90000e+00     9.79583e-01
     6.00000e+00     9.89467e-01
     6.10000e+00     9.99096e-01
     6.20000e+00     1.00871e+00
     6.30000e+00     1.01839e+00
     6.40000e+00     1.02785e+00
     6.50000e+00     1.03723e+00
     6.60000e+00     1.04659e+00
     6.70000e+00     1.05583e+00
     6.80000e+00     1.06508e+00
     6.90000e+00     1.07415e+00
     7.00000e+00     1.08348e+00
     7.10000e+00     1.09270e+00
     7.20000e+00     1.10188e+00
     7.30000e+00     1.11118e+00
     7.40000e+00     1.12021e+00
     7.50000e+00     1.12946e+00
     7.60000e+00     1.13856e+00
     7.70000e+00     1.14762e+00
     7.80000e+00     1.15658e+00
     7.90000e+00     1.16580e+00
     8.00000e+00     1.17449e+00
     8.10000e+00     1.18349e+00
     8.20000e+00     1.19207e+00
     8.30000e+00     1.20037e+00
     8.40000e+00     1.20919e+00
     8.50000e+00     1.21755e+00


