   -180.00   -0.1311    0.0060
   -179.00   -0.0415    0.0065
   -178.00    0.0468    0.0080
   -177.00    0.1292    0.0105
   -176.00    0.1962    0.0141
   -175.00    0.2387    0.0186
   -174.00    0.2563    0.0241
   -173.00    0.2577    0.0306
   -172.00    0.2538    0.0380
   -171.00    0.2512    0.0465
   -170.00    0.2524    0.0558
   -169.00    0.2575    0.0661
   -168.00    0.2657    0.0773
   -167.00    0.2763    0.0895
   -166.00    0.2883    0.1025
   -165.00    0.3011    0.1164
   -164.00    0.3142    0.1311
   -163.00    0.3274    0.1467
   -162.00    0.3403    0.1631
   -161.00    0.3527    0.1802
   -160.00    0.3646    0.1982
   -159.00    0.3757    0.2169
   -158.00    0.3860    0.2363
   -157.00    0.3955    0.2564
   -156.00    0.4041    0.2772
   -155.00    0.4118    0.2987
   -154.00    0.4186    0.3207
   -153.00    0.4245    0.3434
   -152.00    0.4294    0.3666
   -151.00    0.4335    0.3903
   -150.00    0.4366    0.4146
   -149.00    0.4388    0.4393
   -148.00    0.4401    0.4645
   -147.00    0.4406    0.4901
   -146.00    0.4403    0.5161
   -145.00    0.4391    0.5424
   -144.00    0.4372    0.5690
   -143.00    0.4345    0.5960
   -142.00    0.4311    0.6231
   -141.00    0.4271    0.6505
   -140.00    0.4223    0.6781
   -139.00    0.4170    0.7058
   -138.00    0.4111    0.7337
   -137.00    0.4046    0.7616
   -136.00    0.3977    0.7896
   -135.00    0.3902    0.8176
   -134.00    0.3823    0.8456
   -133.00    0.3740    0.8735
   -132.00    0.3654    0.9013
   -131.00    0.3564    0.9290
   -130.00    0.3471    0.9566
   -129.00    0.3375    0.9840
   -128.00    0.3277    1.0112
   -127.00    0.3177    1.0381
   -126.00    0.3075    1.0647
   -125.00    0.2972    1.0911
   -124.00    0.2868    1.1170
   -123.00    0.2762    1.1426
   -122.00    0.2656    1.1678
   -121.00    0.2550    1.1926
   -120.00    0.2443    1.2169
   -119.00    0.2337    1.2407
   -118.00    0.2230    1.2639
   -117.00    0.2124    1.2867
   -116.00    0.2019    1.3088
   -115.00    0.1914    1.3303
   -114.00    0.1810    1.3512
   -113.00    0.1707    1.3715
   -112.00    0.1605    1.3911
   -111.00    0.1504    1.4099
   -110.00    0.1399    1.4281
   -109.00    0.1300    1.4455
   -108.00    0.1203    1.4621
   -107.00    0.1108    1.4780
   -106.00    0.1014    1.4930
   -105.00    0.0921    1.5073
   -104.00    0.0829    1.5207
   -103.00    0.0739    1.5332
   -102.00    0.0650    1.5449
   -101.00    0.0562    1.5556
   -100.00    0.0476    1.5655
    -99.00    0.0390    1.5745
    -98.00    0.0306    1.5826
    -97.00    0.0222    1.5897
    -96.00    0.0140    1.5959
    -95.00    0.0058    1.6012
    -94.00   -0.0022    1.6055
    -93.00   -0.0103    1.6089
    -92.00   -0.0182    1.6113
    -91.00   -0.0261    1.6127
    -90.00   -0.0340    1.6132
    -89.00   -0.0419    1.6127
    -88.00   -0.0497    1.6113
    -87.00   -0.0575    1.6089
    -86.00   -0.0653    1.6055
    -85.00   -0.0732    1.6012
    -84.00   -0.0810    1.5959
    -83.00   -0.0888    1.5897
    -82.00   -0.0967    1.5826
    -81.00   -0.1047    1.5745
    -80.00   -0.1126    1.5655
    -79.00   -0.1206    1.5556
    -78.00   -0.1287    1.5448
    -77.00   -0.1368    1.5332
    -76.00   -0.1449    1.5206
    -75.00   -0.1531    1.5072
    -74.00   -0.1614    1.4930
    -73.00   -0.1697    1.4779
    -72.00   -0.1780    1.4621
    -71.00   -0.1864    1.4454
    -70.00   -0.1948    1.4280
    -69.00   -0.2033    1.4099
    -68.00   -0.2117    1.3910
    -67.00   -0.2202    1.3714
    -66.00   -0.2287    1.3511
    -65.00   -0.2372    1.3302
    -64.00   -0.2457    1.3087
    -63.00   -0.2542    1.2865
    -62.00   -0.2626    1.2638
    -61.00   -0.2709    1.2405
    -60.00   -0.2792    1.2167
    -59.00   -0.2874    1.1924
    -58.00   -0.2955    1.1677
    -57.00   -0.3034    1.1425
    -56.00   -0.3112    1.1168
    -55.00   -0.3188    1.0908
    -54.00   -0.3262    1.0645
    -53.00   -0.3335    1.0379
    -52.00   -0.3405    1.0109
    -51.00   -0.3472    0.9837
    -50.00   -0.3537    0.9563
    -49.00   -0.5849    0.4234
    -48.50   -0.5862    0.4216
    -48.00   -0.5873    0.4196
    -47.50   -0.5889    0.4167
    -47.00   -0.5902    0.4140
    -46.50   -0.5914    0.4110
    -46.00   -0.5912    0.4099
    -45.50   -0.5919    0.4046
    -45.00   -0.5919    0.4038
    -44.50   -0.5915    0.4026
    -44.00   -0.5909    0.4013
    -43.50   -0.5901    0.3998
    -43.00   -0.5891    0.3982
    -42.50   -0.5878    0.3968
    -42.00   -0.5864    0.3951
    -41.50   -0.5850    0.3932
    -41.00   -0.5833    0.3912
    -40.50   -0.5815    0.3892
    -40.00   -0.5796    0.3872
    -39.50   -0.5774    0.3852
    -39.00   -0.5751    0.3831
    -38.50   -0.5727    0.3810
    -38.00   -0.5700    0.3789
    -37.50   -0.5672    0.3767
    -37.00   -0.5642    0.3744
    -36.50   -0.5611    0.3721
    -36.00   -0.5581    0.3697
    -35.50   -0.5553    0.3672
    -35.00   -0.5530    0.3647
    -34.50   -0.5505    0.3617
    -34.00   -0.5465    0.3592
    -33.50   -0.5428    0.3570
    -33.00   -0.5394    0.3549
    -32.50   -0.5362    0.3529
    -32.00   -0.5329    0.3508
    -31.50   -0.5307    0.3490
    -31.00   -0.5293    0.3473
    -30.50   -0.5292    0.3459
    -30.00   -0.5314    0.3449
    -29.50   -0.5385    0.3454
    -29.00   -0.5735    0.3539
     -8.50   -0.3592    0.0191
     -8.00   -0.3321    0.0164
     -7.50   -0.3020    0.0144
     -7.00   -0.2621    0.0130
     -6.50   -0.2140    0.0120
     -6.00   -0.1616    0.0114
     -5.50   -0.1071    0.0109
     -5.00   -0.0516    0.0106
     -4.50    0.0043    0.0103
     -4.00    0.0599    0.0098
     -3.50    0.1136    0.0088
     -3.00    0.1670    0.0072
     -2.50    0.2261    0.0074
     -2.00    0.2853    0.0075
     -1.50    0.3445    0.0076
     -1.00    0.4035    0.0076
     -0.50    0.4624    0.0077
      0.00    0.5213    0.0077
      0.50    0.5801    0.0078
      1.00    0.6388    0.0078
      1.50    0.6973    0.0078
      2.00    0.7556    0.0078
      2.50    0.8136    0.0078
      3.00    0.8713    0.0078
      3.50    0.9286    0.0078
      4.00    0.9854    0.0078
      4.50    1.0407    0.0079
      5.00    1.0938    0.0081
      5.50    1.1501    0.0082
      6.00    1.1978    0.0085
      6.50    1.2210    0.0096
      7.00    1.2445    0.0106
      7.50    1.2400    0.0124
      8.00    1.2201    0.0153
      8.50    1.1994    0.0191
      9.00    1.1887    0.0232
      9.50    1.1956    0.0264
     10.50    1.1935    0.0343
     11.00    1.2097    0.0374
     11.50    1.2257    0.0408
     12.00    1.2492    0.0435
     12.50    1.2746    0.0461
     13.00    1.2959    0.0490
     13.50    1.3045    0.0534
     14.00    1.3211    0.0568
     14.50    1.3379    0.0605
     15.00    1.3506    0.0648
     15.50    1.3490    0.0711
     16.00    1.3538    0.0759
     16.50    1.3585    0.0817
     17.00    1.3511    0.0893
     17.50    1.3522    0.0956
     18.00    1.3437    0.1034
     18.50    1.3423    0.1097
     19.00    1.3334    0.1168
     19.50    1.3311    0.1233
     20.00    1.3214    0.1319
     20.50    1.3173    0.1398
     21.00    1.3055    0.1500
     21.50    1.2947    0.1606
     22.00    1.2825    0.1722
     22.50    1.2638    0.1863
     23.00    1.2429    0.2021
     23.50    1.2257    0.2178
     24.00    1.1983    0.2380
     24.50    1.1624    0.2625
     25.00    1.1067    0.2945
     26.00    1.2993    0.2835
     27.00    1.3009    0.3087
     28.00    1.3039    0.3345
     29.00    1.3080    0.3609
     30.00    1.3132    0.3879
     31.00    1.3192    0.4154
     32.00    1.3258    0.4433
     33.00    1.3329    0.4718
     34.00    1.3404    0.5006
     35.00    1.3480    0.5297
     36.00    1.3556    0.5593
     37.00    1.3632    0.5891
     38.00    1.3705    0.6191
     39.00    1.3775    0.6494
     40.00    1.3840    0.6799
     41.00    1.3900    0.7105
     42.00    1.3953    0.7413
     43.00    1.3999    0.7721
     44.00    1.4037    0.8030
     45.00    1.4066    0.8339
     46.00    1.4085    0.8648
     47.00    1.4094    0.8956
     48.00    1.4093    0.9264
     49.00    1.4080    0.9570
     50.00    1.4056    0.9875
     51.00    1.4020    1.0177
     52.00    1.3971    1.0477
     53.00    1.3910    1.0775
     54.00    1.3835    1.1069
     55.00    1.3747    1.1361
     56.00    1.3645    1.1648
     57.00    1.3530    1.1931
     58.00    1.3401    1.2210
     59.00    1.3257    1.2485
     60.00    1.3100    1.2754
     61.00    1.2928    1.3018
     62.00    1.2742    1.3276
     63.00    1.2542    1.3528
     64.00    1.2328    1.3774
     65.00    1.2100    1.4014
     66.00    1.1858    1.4246
     67.00    1.1602    1.4471
     68.00    1.1333    1.4689
     69.00    1.1050    1.4900
     70.00    1.0754    1.5102
     71.00    1.0445    1.5296
     72.00    1.0123    1.5482
     73.00    0.9789    1.5659
     74.00    0.9442    1.5827
     75.00    0.9084    1.5986
     76.00    0.8715    1.6136
     77.00    0.8334    1.6277
     78.00    0.7944    1.6407
     79.00    0.7543    1.6529
     80.00    0.7132    1.6640
     81.00    0.6712    1.6741
     82.00    0.6284    1.6832
     83.00    0.5847    1.6913
     84.00    0.5403    1.6983
     85.00    0.4952    1.7043
     86.00    0.4495    1.7092
     87.00    0.4032    1.7131
     88.00    0.3563    1.7159
     89.00    0.3090    1.7177
     90.00    0.2613    1.7184
     91.00    0.2133    1.7180
     92.00    0.1650    1.7165
     93.00    0.1165    1.7140
     94.00    0.0678    1.7105
     95.00    0.0191    1.7058
     96.00   -0.0295    1.7002
     97.00   -0.0782    1.6934
     98.00   -0.1266    1.6857
     99.00   -0.1749    1.6769
    100.00   -0.2229    1.6671
    101.00   -0.2705    1.6563
    102.00   -0.3177    1.6445
    103.00   -0.3644    1.6318
    104.00   -0.4105    1.6181
    105.00   -0.4561    1.6035
    106.00   -0.5009    1.5879
    107.00   -0.5450    1.5714
    108.00   -0.5882    1.5541
    109.00   -0.6305    1.5359
    110.00   -0.6719    1.5169
    111.00   -0.7123    1.4971
    112.00   -0.7516    1.4765
    113.00   -0.7898    1.4551
    114.00   -0.8268    1.4330
    115.00   -0.8625    1.4102
    116.00   -0.8969    1.3867
    117.00   -0.9300    1.3626
    118.00   -0.9617    1.3378
    119.00   -0.9919    1.3125
    120.00   -1.0207    1.2867
    121.00   -1.0479    1.2603
    122.00   -1.0736    1.2334
    123.00   -1.0976    1.2061
    124.00   -1.1200    1.1783
    125.00   -1.1408    1.1502
    126.00   -1.1599    1.1217
    127.00   -1.1772    1.0929
    128.00   -1.1928    1.0638
    129.00   -1.2067    1.0345
    130.00   -1.2188    1.0050
    131.00   -1.2291    0.9753
    132.00   -1.2376    0.9455
    133.00   -1.2443    0.9156
    134.00   -1.2492    0.8857
    135.00   -1.2524    0.8557
    136.00   -1.2674    0.8257
    137.00   -1.2670    0.7958
    138.00   -1.2648    0.7660
    139.00   -1.2609    0.7363
    140.00   -1.2553    0.7067
    141.00   -1.2479    0.6774
    142.00   -1.2389    0.6483
    143.00   -1.2283    0.6195
    144.00   -1.2160    0.5909
    145.00   -1.2022    0.5627
    146.00   -1.1868    0.5349
    147.00   -1.1700    0.5075
    148.00   -1.1517    0.4806
    149.00   -1.1319    0.4541
    150.00   -1.1109    0.4281
    151.00   -1.0885    0.4026
    152.00   -1.0649    0.3778
    153.00   -1.0400    0.3535
    154.00   -1.0141    0.3298
    155.00   -0.9870    0.3068
    156.00   -0.9590    0.2845
    157.00   -0.9300    0.2629
    158.00   -0.9001    0.2420
    159.00   -0.8694    0.2219
    160.00   -0.8379    0.2025
    161.00   -0.8057    0.1840
    162.00   -0.7729    0.1663
    163.00   -0.7395    0.1494
    164.00   -0.7057    0.1334
    165.00   -0.6714    0.1182
    166.00   -0.6367    0.1040
    167.00   -0.6018    0.0907
    168.00   -0.5666    0.0783
    169.00   -0.5311    0.0669
    170.00   -0.4956    0.0564
    171.00   -0.4599    0.0469
    172.00   -0.4241    0.0383
    173.00   -0.3882    0.0308
    174.00   -0.3523    0.0242
    175.00   -0.3162    0.0187
    176.00   -0.2800    0.0141
    177.00   -0.2435    0.0106
    178.00   -0.2067    0.0080
    179.00   -0.1693    0.0065
    180.00   -0.1311    0.0060
    180.00   -0.1311    0.0060
